2017/10/16-17:48:09.577585 7fffc8f6f3c0 RocksDB version: 5.8.0
2017/10/16-17:48:09.577616 7fffc8f6f3c0 Git sha rocksdb_build_git_sha:
2017/10/16-17:48:09.577619 7fffc8f6f3c0 Compile date Oct  5 2017
2017/10/16-17:48:09.577620 7fffc8f6f3c0 DB SUMMARY
2017/10/16-17:48:09.577697 7fffc8f6f3c0 CURRENT file:  CURRENT
2017/10/16-17:48:09.577700 7fffc8f6f3c0 IDENTITY file:  IDENTITY
2017/10/16-17:48:09.577707 7fffc8f6f3c0 MANIFEST file:  MANIFEST-000137 size: 249 Bytes
2017/10/16-17:48:09.577709 7fffc8f6f3c0 SST files in assignment1.db dir, Total Num: 5, files: 000058.sst 000060.sst 000123.sst 000134.sst 000136.sst 
2017/10/16-17:48:09.577711 7fffc8f6f3c0 Write Ahead Log file in assignment1.db: 000138.log size: 0 ; 
2017/10/16-17:48:09.577715 7fffc8f6f3c0                         Options.error_if_exists: 0
2017/10/16-17:48:09.577718 7fffc8f6f3c0                       Options.create_if_missing: 1
2017/10/16-17:48:09.577720 7fffc8f6f3c0                         Options.paranoid_checks: 1
2017/10/16-17:48:09.577721 7fffc8f6f3c0                                     Options.env: 0x109066708
2017/10/16-17:48:09.577722 7fffc8f6f3c0                                Options.info_log: 0x109d150f0
2017/10/16-17:48:09.577723 7fffc8f6f3c0                Options.max_file_opening_threads: 16
2017/10/16-17:48:09.577724 7fffc8f6f3c0                               Options.use_fsync: 0
2017/10/16-17:48:09.577725 7fffc8f6f3c0                       Options.max_log_file_size: 0
2017/10/16-17:48:09.577727 7fffc8f6f3c0                  Options.max_manifest_file_size: 18446744073709551615
2017/10/16-17:48:09.577728 7fffc8f6f3c0                   Options.log_file_time_to_roll: 0
2017/10/16-17:48:09.577729 7fffc8f6f3c0                       Options.keep_log_file_num: 1000
2017/10/16-17:48:09.577730 7fffc8f6f3c0                    Options.recycle_log_file_num: 0
2017/10/16-17:48:09.577731 7fffc8f6f3c0                         Options.allow_fallocate: 1
2017/10/16-17:48:09.577732 7fffc8f6f3c0                        Options.allow_mmap_reads: 0
2017/10/16-17:48:09.577733 7fffc8f6f3c0                       Options.allow_mmap_writes: 0
2017/10/16-17:48:09.577734 7fffc8f6f3c0                        Options.use_direct_reads: 0
2017/10/16-17:48:09.577736 7fffc8f6f3c0                        Options.use_direct_io_for_flush_and_compaction: 0
2017/10/16-17:48:09.577737 7fffc8f6f3c0          Options.create_missing_column_families: 0
2017/10/16-17:48:09.577738 7fffc8f6f3c0                              Options.db_log_dir: 
2017/10/16-17:48:09.577739 7fffc8f6f3c0                                 Options.wal_dir: assignment1.db
2017/10/16-17:48:09.577740 7fffc8f6f3c0                Options.table_cache_numshardbits: 6
2017/10/16-17:48:09.577741 7fffc8f6f3c0                      Options.max_subcompactions: 1
2017/10/16-17:48:09.577742 7fffc8f6f3c0                  Options.max_background_flushes: -1
2017/10/16-17:48:09.577743 7fffc8f6f3c0                         Options.WAL_ttl_seconds: 0
2017/10/16-17:48:09.577744 7fffc8f6f3c0                       Options.WAL_size_limit_MB: 0
2017/10/16-17:48:09.577746 7fffc8f6f3c0             Options.manifest_preallocation_size: 4194304
2017/10/16-17:48:09.577747 7fffc8f6f3c0                     Options.is_fd_close_on_exec: 1
2017/10/16-17:48:09.577748 7fffc8f6f3c0                   Options.advise_random_on_open: 1
2017/10/16-17:48:09.577749 7fffc8f6f3c0                    Options.db_write_buffer_size: 0
2017/10/16-17:48:09.577750 7fffc8f6f3c0                    Options.write_buffer_manager: 0x109c67db0
2017/10/16-17:48:09.577751 7fffc8f6f3c0         Options.access_hint_on_compaction_start: 1
2017/10/16-17:48:09.577752 7fffc8f6f3c0  Options.new_table_reader_for_compaction_inputs: 0
2017/10/16-17:48:09.577753 7fffc8f6f3c0               Options.compaction_readahead_size: 0
2017/10/16-17:48:09.577754 7fffc8f6f3c0           Options.random_access_max_buffer_size: 1048576
2017/10/16-17:48:09.577757 7fffc8f6f3c0           Options.writable_file_max_buffer_size: 1048576
2017/10/16-17:48:09.577758 7fffc8f6f3c0                      Options.use_adaptive_mutex: 0
2017/10/16-17:48:09.577759 7fffc8f6f3c0                            Options.rate_limiter: 0x0
2017/10/16-17:48:09.577772 7fffc8f6f3c0     Options.sst_file_manager.rate_bytes_per_sec: 0
2017/10/16-17:48:09.577774 7fffc8f6f3c0                          Options.bytes_per_sync: 0
2017/10/16-17:48:09.577775 7fffc8f6f3c0                      Options.wal_bytes_per_sync: 0
2017/10/16-17:48:09.577776 7fffc8f6f3c0                       Options.wal_recovery_mode: 2
2017/10/16-17:48:09.577777 7fffc8f6f3c0                  Options.enable_thread_tracking: 0
2017/10/16-17:48:09.577778 7fffc8f6f3c0                  Options.enable_pipelined_write: 0
2017/10/16-17:48:09.577779 7fffc8f6f3c0         Options.allow_concurrent_memtable_write: 1
2017/10/16-17:48:09.577780 7fffc8f6f3c0      Options.enable_write_thread_adaptive_yield: 1
2017/10/16-17:48:09.577781 7fffc8f6f3c0             Options.write_thread_max_yield_usec: 100
2017/10/16-17:48:09.577783 7fffc8f6f3c0            Options.write_thread_slow_yield_usec: 3
2017/10/16-17:48:09.577784 7fffc8f6f3c0                               Options.row_cache: None
2017/10/16-17:48:09.577785 7fffc8f6f3c0                              Options.wal_filter: None
2017/10/16-17:48:09.577786 7fffc8f6f3c0             Options.avoid_flush_during_recovery: 0
2017/10/16-17:48:09.577787 7fffc8f6f3c0             Options.allow_ingest_behind: 0
2017/10/16-17:48:09.577788 7fffc8f6f3c0             Options.concurrent_prepare: 0
2017/10/16-17:48:09.577789 7fffc8f6f3c0             Options.manual_wal_flush: 0
2017/10/16-17:48:09.577790 7fffc8f6f3c0             Options.max_background_jobs: 2
2017/10/16-17:48:09.577791 7fffc8f6f3c0             Options.max_background_compactions: -1
2017/10/16-17:48:09.577792 7fffc8f6f3c0             Options.avoid_flush_during_shutdown: 0
2017/10/16-17:48:09.577794 7fffc8f6f3c0             Options.delayed_write_rate : 16777216
2017/10/16-17:48:09.577795 7fffc8f6f3c0             Options.max_total_wal_size: 0
2017/10/16-17:48:09.577796 7fffc8f6f3c0             Options.delete_obsolete_files_period_micros: 21600000000
2017/10/16-17:48:09.577797 7fffc8f6f3c0                   Options.stats_dump_period_sec: 600
2017/10/16-17:48:09.577798 7fffc8f6f3c0                          Options.max_open_files: -1
2017/10/16-17:48:09.577799 7fffc8f6f3c0 Compression algorithms supported:
2017/10/16-17:48:09.577800 7fffc8f6f3c0 	Snappy supported: 1
2017/10/16-17:48:09.577801 7fffc8f6f3c0 	Zlib supported: 1
2017/10/16-17:48:09.577802 7fffc8f6f3c0 	Bzip supported: 1
2017/10/16-17:48:09.577803 7fffc8f6f3c0 	LZ4 supported: 1
2017/10/16-17:48:09.577805 7fffc8f6f3c0 	ZSTD supported: 0
2017/10/16-17:48:09.577808 7fffc8f6f3c0 Fast CRC32 supported: 0
2017/10/16-17:48:09.577879 7fffc8f6f3c0 [db/version_set.cc:2720] Recovering from manifest file: MANIFEST-000137
2017/10/16-17:48:09.577917 7fffc8f6f3c0 [db/column_family.cc:413] --------------- Options for column family [default]:
2017/10/16-17:48:09.577921 7fffc8f6f3c0               Options.comparator: leveldb.BytewiseComparator
2017/10/16-17:48:09.577922 7fffc8f6f3c0           Options.merge_operator: None
2017/10/16-17:48:09.577923 7fffc8f6f3c0        Options.compaction_filter: None
2017/10/16-17:48:09.577924 7fffc8f6f3c0        Options.compaction_filter_factory: None
2017/10/16-17:48:09.577926 7fffc8f6f3c0         Options.memtable_factory: SkipListFactory
2017/10/16-17:48:09.577927 7fffc8f6f3c0            Options.table_factory: BlockBasedTable
2017/10/16-17:48:09.577951 7fffc8f6f3c0            table_factory options:   flush_block_policy_factory: FlushBlockBySizePolicyFactory (0x109abd378)
  cache_index_and_filter_blocks: 0
  cache_index_and_filter_blocks_with_high_priority: 0
  pin_l0_filter_and_index_blocks_in_cache: 0
  index_type: 0
  hash_index_allow_collision: 1
  checksum: 1
  no_block_cache: 0
  block_cache: 0x109abba38
  block_cache_name: LRUCache
  block_cache_options:
    capacity : 8388608
    num_shard_bits : 4
    strict_capacity_limit : 0
    high_pri_pool_ratio: 0.000
  block_cache_compressed: 0x0
  persistent_cache: 0x0
  block_size: 4096
  block_size_deviation: 10
  block_restart_interval: 16
  index_block_restart_interval: 1
  filter_policy: nullptr
  whole_key_filtering: 1
  format_version: 2
2017/10/16-17:48:09.577967 7fffc8f6f3c0        Options.write_buffer_size: 67108864
2017/10/16-17:48:09.577968 7fffc8f6f3c0  Options.max_write_buffer_number: 2
2017/10/16-17:48:09.577970 7fffc8f6f3c0          Options.compression: Snappy
2017/10/16-17:48:09.577971 7fffc8f6f3c0                  Options.bottommost_compression: Disabled
2017/10/16-17:48:09.577972 7fffc8f6f3c0       Options.prefix_extractor: nullptr
2017/10/16-17:48:09.577973 7fffc8f6f3c0   Options.memtable_insert_with_hint_prefix_extractor: nullptr
2017/10/16-17:48:09.577974 7fffc8f6f3c0             Options.num_levels: 7
2017/10/16-17:48:09.577976 7fffc8f6f3c0        Options.min_write_buffer_number_to_merge: 1
2017/10/16-17:48:09.577977 7fffc8f6f3c0     Options.max_write_buffer_number_to_maintain: 0
2017/10/16-17:48:09.577978 7fffc8f6f3c0            Options.compression_opts.window_bits: -14
2017/10/16-17:48:09.577979 7fffc8f6f3c0                  Options.compression_opts.level: -1
2017/10/16-17:48:09.577980 7fffc8f6f3c0               Options.compression_opts.strategy: 0
2017/10/16-17:48:09.577982 7fffc8f6f3c0         Options.compression_opts.max_dict_bytes: 0
2017/10/16-17:48:09.577983 7fffc8f6f3c0      Options.level0_file_num_compaction_trigger: 4
2017/10/16-17:48:09.577984 7fffc8f6f3c0          Options.level0_slowdown_writes_trigger: 20
2017/10/16-17:48:09.577985 7fffc8f6f3c0              Options.level0_stop_writes_trigger: 36
2017/10/16-17:48:09.577986 7fffc8f6f3c0                   Options.target_file_size_base: 67108864
2017/10/16-17:48:09.577987 7fffc8f6f3c0             Options.target_file_size_multiplier: 1
2017/10/16-17:48:09.577988 7fffc8f6f3c0                Options.max_bytes_for_level_base: 268435456
2017/10/16-17:48:09.577989 7fffc8f6f3c0 Options.level_compaction_dynamic_level_bytes: 0
2017/10/16-17:48:09.577991 7fffc8f6f3c0          Options.max_bytes_for_level_multiplier: 10.000000
2017/10/16-17:48:09.577994 7fffc8f6f3c0 Options.max_bytes_for_level_multiplier_addtl[0]: 1
2017/10/16-17:48:09.577995 7fffc8f6f3c0 Options.max_bytes_for_level_multiplier_addtl[1]: 1
2017/10/16-17:48:09.577996 7fffc8f6f3c0 Options.max_bytes_for_level_multiplier_addtl[2]: 1
2017/10/16-17:48:09.577997 7fffc8f6f3c0 Options.max_bytes_for_level_multiplier_addtl[3]: 1
2017/10/16-17:48:09.577998 7fffc8f6f3c0 Options.max_bytes_for_level_multiplier_addtl[4]: 1
2017/10/16-17:48:09.577999 7fffc8f6f3c0 Options.max_bytes_for_level_multiplier_addtl[5]: 1
2017/10/16-17:48:09.578000 7fffc8f6f3c0 Options.max_bytes_for_level_multiplier_addtl[6]: 1
2017/10/16-17:48:09.578002 7fffc8f6f3c0       Options.max_sequential_skip_in_iterations: 8
2017/10/16-17:48:09.578003 7fffc8f6f3c0                    Options.max_compaction_bytes: 1677721600
2017/10/16-17:48:09.578004 7fffc8f6f3c0                        Options.arena_block_size: 8388608
2017/10/16-17:48:09.578005 7fffc8f6f3c0   Options.soft_pending_compaction_bytes_limit: 68719476736
2017/10/16-17:48:09.578006 7fffc8f6f3c0   Options.hard_pending_compaction_bytes_limit: 274877906944
2017/10/16-17:48:09.578007 7fffc8f6f3c0       Options.rate_limit_delay_max_milliseconds: 100
2017/10/16-17:48:09.578009 7fffc8f6f3c0                Options.disable_auto_compactions: 0
2017/10/16-17:48:09.578010 7fffc8f6f3c0                        Options.compaction_style: kCompactionStyleLevel
2017/10/16-17:48:09.578012 7fffc8f6f3c0                          Options.compaction_pri: kByCompensatedSize
2017/10/16-17:48:09.578013 7fffc8f6f3c0 Options.compaction_options_universal.size_ratio: 1
2017/10/16-17:48:09.578014 7fffc8f6f3c0 Options.compaction_options_universal.min_merge_width: 2
2017/10/16-17:48:09.578015 7fffc8f6f3c0 Options.compaction_options_universal.max_merge_width: 4294967295
2017/10/16-17:48:09.578016 7fffc8f6f3c0 Options.compaction_options_universal.max_size_amplification_percent: 200
2017/10/16-17:48:09.578017 7fffc8f6f3c0 Options.compaction_options_universal.compression_size_percent: -1
2017/10/16-17:48:09.578019 7fffc8f6f3c0 Options.compaction_options_universal.stop_style: kCompactionStopStyleTotalSize
2017/10/16-17:48:09.578027 7fffc8f6f3c0 Options.compaction_options_fifo.max_table_files_size: 1073741824
2017/10/16-17:48:09.578029 7fffc8f6f3c0 Options.compaction_options_fifo.allow_compaction: 0
2017/10/16-17:48:09.578030 7fffc8f6f3c0 Options.compaction_options_fifo.ttl: 0
2017/10/16-17:48:09.578031 7fffc8f6f3c0                   Options.table_properties_collectors: 
2017/10/16-17:48:09.578032 7fffc8f6f3c0                   Options.inplace_update_support: 0
2017/10/16-17:48:09.578033 7fffc8f6f3c0                 Options.inplace_update_num_locks: 10000
2017/10/16-17:48:09.578035 7fffc8f6f3c0               Options.memtable_prefix_bloom_size_ratio: 0.000000
2017/10/16-17:48:09.578036 7fffc8f6f3c0   Options.memtable_huge_page_size: 0
2017/10/16-17:48:09.578037 7fffc8f6f3c0                           Options.bloom_locality: 0
2017/10/16-17:48:09.578038 7fffc8f6f3c0                    Options.max_successive_merges: 0
2017/10/16-17:48:09.578039 7fffc8f6f3c0                Options.optimize_filters_for_hits: 0
2017/10/16-17:48:09.578040 7fffc8f6f3c0                Options.paranoid_file_checks: 0
2017/10/16-17:48:09.578042 7fffc8f6f3c0                Options.force_consistency_checks: 0
2017/10/16-17:48:09.578043 7fffc8f6f3c0                Options.report_bg_io_stats: 0
2017/10/16-17:48:09.579172 7fffc8f6f3c0 [db/version_set.cc:2984] Recovered from manifest file:assignment1.db/MANIFEST-000137 succeeded,manifest_file_number is 137, next_file_number is 139, last_sequence is 26, log_number is 0,prev_log_number is 0,max_column_family is 0
2017/10/16-17:48:09.579178 7fffc8f6f3c0 [db/version_set.cc:2992] Column family [default] (ID 0), log number is 132
2017/10/16-17:48:09.579288 7fffc8f6f3c0 EVENT_LOG_v1 {"time_micros": 1508201289579280, "job": 1, "event": "recovery_started", "log_files": [138]}
2017/10/16-17:48:09.579292 7fffc8f6f3c0 [db/db_impl_open.cc:506] Recovering log #138 mode 2
2017/10/16-17:48:09.579320 7fffc8f6f3c0 [db/version_set.cc:2506] Creating manifest 140
2017/10/16-17:48:09.581322 7fffc8f6f3c0 EVENT_LOG_v1 {"time_micros": 1508201289581314, "job": 1, "event": "recovery_finished"}
2017/10/16-17:48:09.582697 7fffc8f6f3c0 [db/db_impl_open.cc:1111] DB pointer 0x10a73fc00
